164
447
451
521
542
552
554
616
627
643
647
651
662
682
700
704
706
708
709
710
711
714
736
737
739
749
751
754
759
766
775
777
779
780
784
790
794
804
806
810
812
814
818
820
836
837
866
886
893
894
895
898
907
986
987
993
996
1005
1052
1065
1087
1089
1090
1100
1113
1117
1118
1127
1136
1138
1139
1141
1142
1144
1154
1161
1164
1167
1172
1176
1177
1192
1193
1206
1214
1216
1236
1239
1243
1295
1298
1333
1352
1375
1380
1385
1395
1399
1406
1409
1410
1414
1424
1454
1462
1489
1502
1506
1510
1512
1516
1533
1536
1539
1541
1544
1550
1551
1560
1567
1569
1579
1585
1593
1597
1614
1622
1633
1643
1654
1657
1659
1670
1672
1675
1712
1718
1726
1727
1762
1786
1793
1813
1828
1835
1838
1848
1851
1868
1871
1875
1881
1887
1888
1889
1890
1892
1902
1904
1908
1916
1921
1925
1941
1943
1944
1947
1948
1953
1974
1977
2006
2012
2017
2027
2035
2042
2057
2081
2094
2109
2122
2138
2143
2148
2153
2156
2157
2159
2169
2176
2186
2202
2209
2217
2221
2232
2248
2249
2251
2259
2264
2265
2270
2271
2277
2282
2283
2292
2302
2314
2316
2325
2327
2335
2358
2373
2374
2388
2434
2437
2445
2456
2468
2474
2480
2490
2501
2503
2506
2526
2536
2547
2557
2562
2588
2591
2592
2611
2613
2635
2647
2660
2668
2675
2676
2678
2687
2689
2692
2693
2700
2701
2706
2714
2729
2738
2739
2773
2781
2782
2804
2805
2810
2819
2820
2829
2834
2835
2841
2842
2852
2861
2863
2873
2875
2876
2877
2881
2886
2894
2897
2903
2905
2909
2912
2913
2916
2917
2920
2921
2925
2928
2932
2935
2947
2950
2959
2962
2987
3001
3009
3015
3016
3038
3041
3060
3075
3080
3089
3091
3092
3096
3100
3105
3107
3115
3129
3135
3136
3151
3154
3161
3181
3192
3194
3195
3198
3209
3212
3213
3224
3225
3227
3239
3244
3260
3271
3272
3273
3277
3278
3290
3293
3297
3301
3309
3313
3314
3315
3317
3318
3319
3328
3343
3355
3378
3387
3392
3399
3400
3403
3418
3419
3425
3427
3432
3449
3461
3485
3486
3491
3501
3509
3515
3518
3526
3527
3534
3538
3542
3543
3545
3547
3548
3560
3561
3567
3569
3575
3582
3586
3597
3620
3627
3629
3645
3654
3656
3661
3675
3690
3694
3702
3709
3711
3712
3722
3729
3737
3741
3746
3757
3758
3759
3760
3774
3775
3789
3791
3797
3801
3814
3815
3819
3825
3846
3850
3852
3857
3870
3874
3879
3880
3882
3883
3892
3896
3902
3907
3908
3921
3923
3928
3929
3930
3931
3949
3954
3956
3957
3963
3964
3966
3974
3975
3978
3980
3988
3989
3994
3999
4001
4011
4014
4018
4024
4029
4031
4034
4039
4047
4048
4052
4053
4055
4070
4072
4073
4087
4091
4095
4107
4110
4119
4126
4142
4147
4152
4156
4159
4166
4172
4197
4198
4202
4204
4211
4213
4215
4217
4225
4228
4243
4245
4246
4247
4272
4273
4274
4277
4278
4281
4289
4297
4310
4311
4312
4313
4314
4316
4317
4319
4325
4327
4330
4336
4337
4349
4356
4363
4364
4370
4378
4392
4393
4405
4407
4408
4409
4411
4413
4424
4427
4438
4441
4443
4445
4450
4453
4454
4458
4462
4463
4465
4466
4467
4470
4472
4474
4479
4480
4482
4485
4501
4505
4510
4511
4514
4515
4519
4520
4521
4523
4524
4535
4538
4554
4572
4575
4578
4580
4582
4583
4588
4590
4591
4599
4601
4602
4604
4605
4612
4621
4626
4631
4634
4637
4638
4639
4647
4648
4652
4653
4658
4664
4674
4675
4679
4681
4682
4686
4691
4693
4694
4695
4696
4697
4698
4699
4700
4702
4703
4705
4706
4707
4708
4712
4716
4717
4720
4723
4725
4727
4740
4741
4746
4753
4757
4758
4760
4767
4769
4771
4772
4774
4776
4784
4785
4786
4788
4790
4792
4794
4795
4800
4801
4808
4809
4811
4822
4830
4835
4836
4837
4839
4841
4846
4847
4853
4857
4863
4864
4865
4869
4876
4880
4881
4884
4885
4886
4887
4890
4899
4900
4902
4908
4909
4912
4914
4917
4918
4919
4920
4921
4923
4926
4928
4931
4937
4939
4941
4951
4953
4955
4957
4962
4971
4975
4979
4981
4982
4983
4988
4991
4996
4997
5002
5013
5018
5019
5021
5023
5027
5031
5033
5035
5036
5040
5044
5046
5051
5052
5055
5058
5066
5069
5072
5075
5077
5080
5082
5086
5091
5092
5093
5097
5101
5103
5105
5114
5115
5116
5119
5122
5124
5127
5131
5138
5142
5144
5145
5160
5161
5165
5168
5169
5176
5177
5181
5189
5194
5202
5205
5208
5209
5210
5213
5220
5223
5228
5229
5235
5241
5248
5250
5253
5265
5269
5273
5276
5277
5282
5290
5293
5297
5298
5302
5303
5308
5314
5317
5330
5335
5338
5339
5342
5344
5357
5358
5364
5368
5370
5387
5388
5393
5402
5404
5408
5409
5420
5421
5429
5431
5434
5436
5437
5438
5440
5444
5450
5451
5452
5471
5475
5477
5481
5489
5500
5505
5512
5519
5523
5528
5529
5533
5534
5535
5548
5551
5554
5566
5578
5590
5593
5606
5610
5615
5622
5624
5628
5630
5633
5638
5641
5642
5646
5650
5657
5658
5663
5672
5673
5685
5704
5705
5716
5724
5731
5733
5742
5754
5755
5759
5762
5764
5765
5770
5773
5776
5780
5800
5801
5802
5803
5805
5808
5814
5816
5823
5829
5845
5847
5848
5850
5855
5860
5864
5865
5869
5874
5899
5901
5903
5910
5915
5917
5918
5924
5931
5934
5936
5940
5955
5957
5978
5997
6015
6018
6019
6026
6028
6034
6035
6049
6065
6066
6068
6069
6080
6083
6086
6089
6092
6108
6113
6115
6118
6119
6123
6125
6129
6130
6132
6144
6145
6166
6170
6172
6182
6184
6185
6189
6193
6200
6205
6206
6215
6221
6226
6227
6231
6238
6244
6245
6248
6250
6258
6273
6276
6278
6288
6290
6294
6296
6307
6309
6311
6312
6313
6319
6325
6326
6328
6329
6334
6338
6346
6348
6350
6356
6359
6361
6364
6368
6369
6379
6381
6384
6387
6391
6392
6396
6397
6401
6408
6409
6412
6421
6423
6433
6434
6437
6439
6451
6470
6475
6486
6493
6496
6504
6508
6515
6518
6527
6529
6534
6536
6539
6562
6564
6566
6572
6573
6600
6601
6602
6614
6616
6618
6621
6625
6641
6651
6658
6662
6663
6667
6684
6686
6690
6693
6697
6702
6705
6709
6714
6719
6733
6740
6743
6744
6747
6754
6761
6764
6781
6784
6785
6786
6793
6797
6798
6808
6810
6814
6823
6824
6826
6841
6847
6855
6859
6860
6864
6870
6871
6874
6879
6884
6885
6888
6889
6895
6897
6899
6904
6912
6916
6925
6926
6927
6930
6931
6932
6933
6938
6941
6942
6943
6945
6947
6949
6954
6955
6956
6958
6959
6963
6973
6978
6979
6984
6990
6996
7000
7001
7003
7008
7015
7017
7020
7023
7026
7029
7030
7032
7033
7036
7041
7047
7048
7057
7061
7062
7063
7064
7066
7070
7073
7077
7080
7081
7084
7086
7095
7097
7099
7104
7105
7112
7117
7119
7121
7122
7123
7127
7130
7131
7137
7149
7151
7153
7155
7156
7159
7162
7166
7170
7176
7177
7178
7182
7183
7197
7198
7207
7209
7211
7216
7222
7226
7228
7229
7233
7234
7238
7241
7243
7251
7252
7254
7256
7257
7258
7259
7262
7263
7267
7268
7269
7270
7274
7278
7281
7284
7285
7292
7295
7299
7304
7310
7311
7319
7322
7324
7326
7330
7332
7334
7335
7336
7348
7352
7353
7359
7360
7363
7373
7374
7376
7377
7381
7386
7387
7389
7400
7402
7404
7405
7407
7409
7413
7424
7427
7429
7435
7440
7441
7444
7447
7448
7450
7456
7459
7463
7464
7467
7468
7469
7472
7480
7485
7487
7489
7496
7497
7498
7499
7500
7503
7509
7510
7511
7513
7515
7517
7521
7527
7529
7533
7534
7537
7548
7549
7550
7554
7558
7563
7565
7569
7580
7583
7586
7592
7596
7597
7600
7603
7604
7605
7606
7609
7611
7612
7613
7616
7617
7633
7634
7640
7644
7649
7650
7661
7662
7665
7669
7671
7674
7676
7678
7681
7692
7693
7694
7698
7700
7701
7703
7704
7708
7709
7710
7711
7712
7719
7722
7730
7731
7732
7733
7736
7740
7745
7750
7754
7756
7760
7761
7764
7767
7769
7772
7773
7775
7780
7781
7783
7787
7789
7794
7795
7796
7800
7801
7802
7803
7809
7810
7812
7818
7819
7822
7827
7832
7833
7834
7835
7836
7838
7842
7844
7845
7847
7850
7853
7858
7859
7860
7862
7866
7874
7877
7878
7879
7882
7890
7892
7895
7896
7902
7908
7912
7914
7916
7919
7925
7935
7936
7944
7949
7961
7967
7972
7973
7974
7976
7977
7979
7982
7983
7989
7994
7995
7997
8002
8003
8005
8013
8015
8016
8024
8030
8036
8038
8043
8048
8053
8054
8060
8071
8073
8078
8086
8090
8091
8096
8097
8099
8103
8108
8112
8116
8122
8125
8130
8133
8135
8136
8139
8141
8148
8152
8155
8161
8162
8169
8173
8174
8176
8187
8191
8193
8194
8195
8198
8200
8209
8210
8213
8218
8231
8234
8236
8237
8244
8247
8248
8250
8256
8257
8260
8268
8270
8283
8287
8296
8298
8299
8306
8309
8313
8317
8318
8326
8328
8329
8332
8333
8336
8340
8347
8348
8352
8357
8358
8361
8363
8367
8371
8372
8373
8376
8378
8379
8384
8387
8388
8389
8395
8396
8397
8398
8403
8404
8406
8411
8412
8413
8414
8415
8416
8419
8421
8425
8426
8427
8428
8430
8434
8436
8437
8438
8443
8446
8448
8450
8455
8456
8458
8462
8463
8465
8466
8467
8475
8476
8482
8484
8490
8497
8498
8510
8511
8513
8514
8515
8518
8519
8521
8524
8525
8526
8528
8529
8533
8536
8539
8543
8546
8548
8552
8557
8559
8560
8564
8573
8588
8589
8602
8603
8607
8614
8616
8619
8620
8621
8623
8624
8625
8627
8636
8640
8641
8644
8645
8652
8653
8658
8660
8665
8666
8667
8668
8670
8676
8677
8679
8684
8686
8694
8696
8697
8698
8701
8703
8708
8711
8714
8715
8720
8724
8726
8729
8730
8731
8738
8739
8741
8742
8748
8751
8753
8759
8762
8764
8775
8779
8785
8786
8789
8790
8792
8794
8795
8796
8801
8806
8808
8810
8811
8820
8822
8823
8825
8826
8827
8835
8838
8839
8843
8849
8850
8854
8857
8858
8859
8860
8861
8864
8865
8866
8873
8875
8886
8892
8893
8894
8896
8897
8907
8912
8918
8919
8922
8923
8924
8926
8927
8928
8929
8933
8934
8935
8940
8945
8949
8953
8958
8963
8964
8966
8967
8968
8969
8970
8975
8977
8978
8979
8980
8981
8986
8987
8989
8990
8991
8995
8996
8999
9000
9007
9008
9009
9012
9018
9024
9033
9034
9035
9037
9040
9042
9044
9048
9055
9056
9057
9058
9075
9079
9081
9084
9085
9089
9093
9094
9096
9101
9103
9109
9112
9118
9122
9123
9124
9125
9135
9137
9141
9145
9152
9154
9158
9164
9165
9172
9173
9174
9176
9179
9180
9181
9183
9184
9185
9187
9189
9191
9193
9194
9195
9199
9213
9214
9223
9240
9241
9242
9245
9247
9250
9255
9262
9263
9264
9266
9268
9270
9272
9273
9281
9296
9298
9302
9309
9311
9313
9314
9317
9321
9323
9324
9326
9327
9331
9336
9337
9344
9345
9348
9349
9357
9358
9360
9365
9370
9372
9377
9385
9390
9391
9394
9399
9400
9406
9411
9412
9422
9423
9427
9429
9432
9437
9443
9446
9448
9449
9452
9457
9461
9462
9464
9467
9494
9496
9499
9506
9510
9514
9515
9516
9534
9542
9544
9547
9548
9557
9558
9565
9573
9574
9583
9588
9590
9599
9604
9605
9609
9611
9614
9616
9617
9619
9620
9622
9625
9627
9628
9633
9639
9641
9642
9644
9658
9659
9661
9662
9671
9678
9681
9682
9685
9688
9690
9691
9692
9694
9695
9701
9704
9705
9706
9707
9708
9711
9713
9714
9717
9722
9724
9728
9730
9731
9750
9754
9756
9757
9759
9765
9766
9774
9776
9777
9778
9780
9782
9784
9791
9792
9795
9801
9805
9812
9816
9819
9824
9827
9828
9829
9830
9833
9835
9837
9842
9869
9871
9876
9879
9882
9889
9896
9897
9899
9901
9903
9905
9907
9911
9915
9917
9921
9928
9929
9935
9937
9938
9939
9945
9946
9948
9950
9951
9955
9959
9967
9968
9982
9990
9997
10004
10005
10006
10008
10010
10014
10019
10024
10025
10026
10029
10032
10035
10036
10038
10039
10046
10060
10062
10063
10064
10065
10067
10068
10070
10075
10081
10082
10087
10090
10092
10094
10108
10110
10113
10118
10119
10123
10124
10134
10135
10139
10146
10147
10148
10155
10157
10158
10160
10162
10169
10170
10172
10178
10181
10189
10193
10195
10201
10209
10211
10213
10226
10230
10231
10248
10249
10250
10252
10254
10255
10256
10257
10262
10273
10276
10278
10281
10283
10287
10290
10294
10305
10306
10307
10311
10314
10316
10317
10318
10319
10323
10325
10327
10330
10338
10344
10346
10348
10355
10356
10359
10363
10366
10368
10380
10381
10385
10386
10387
10390
10392
10393
10396
10397
10405
10413
10416
10422
10429
10430
10434
10443
10445
10448
10450
10452
10453
10455
10458
10459
10463
10466
10467
10473
10476
10479
10480
10484
10485
10486
10489
10490
10492
10494
10501
10505
10511
10513
10516
10517
10520
10522
10523
10526
10528
10529
10533
10540
10541
10546
10547
10555
10556
10558
10565
10568
10569
10572
10575
10585
10587
10590
10595
10596
10601
10607
10608
10611
10612
10615
10616
10617
10618
10622
10623
10625
10627
10628
10629
10630
10633
10635
10636
10642
10643
10645
10646
10648
10653
10659
10661
10663
10682
10685
10686
10688
10689
10690
10691
10693
10695
10698
10699
10701
10702
10716
10719
10720
10722
10723
10726
10727
10730
10732
10733
10735
10737
10738
10739
10741
10742
10743
10745
10762
10764
10765
10766
10779
10786
10795
10797
10808
10809
10812
10814
10819
10822
10824
10825
10830
10831
10838
10839
10842
10843
10844
10850
10852
10857
10863
10865
10871
10880
10882
10885
10886
10892
10896
10899
10901
10902
10914
10916
10917
10920
10924
10927
10930
10937
10938
10940
10945
10946
10949
10952
10963
10965
10966
10967
10969
10976
10985
10987
10993
10994
10995
10997
10999
11000
11001
11002
11005
11006
11007
11008
11011
11012
11013
11015
11019
11025
11028
11029
11035
11036
11041
11042
11043
11045
11047
11048
11050
11053
11060
11064
11070
11074
11077
11082
11085
11091
11093
11096
11097
11100
11101
11102
11105
11110
11114
11117
11122
11130
11132
11133
11135
11138
11171
11173
11176
11177
11180
11186
11200
11208
11212
11214
11216
11217
11220
11226
11229
11240
11241
11244
11245
11247
11252
11254
11256
11261
11266
11268
11269
11270
11272
11279
11282
11283
11284
11289
11293
11296
11298
11302
11309
11311
11312
11313
11320
11321
11325
11331
11332
11336
11337
11341
11344
11345
11348
11350
11353
11363
11366
11367
11368
11369
11370
11371
11372
11373
11375
11376
11378
11379
11380
11382
11384
11385
11386
11387
11388
11389
11391
11393
11395
11397
11399
11405
11411
11422
11423
11425
11427
11429
11433
11436
11438
11444
11447
11453
11454
11458
11460
11471
11474
11475
11479
11482
11483
11485
11486
11489
11493
11494
11496
11504
11506
11511
11514
11520
11522
11527
11528
11529
11538
11543
11558
11559
11560
11573
11575
11577
11578
11579
11580
11584
11589
11590
11593
11595
11596
11597
11599
11600
11601
11610
11611
11613
11616
11618
11620
11629
11630
11633
11636
11641
11643
11644
11648
11649
11651
11653
11656
11658
11659
11660
11661
11662
11675
11679
11680
11681
11682
11688
11692
11696
11703
11705
11706
11709
11711
11714
11716
11719
11722
11723
11727
11729
11730
11733
11734
11737
11740
11742
11743
11745
11746
11753
11755
11756
11757
11761
11762
11765
11768
11769
11772
11786
11789
11791
11800
11803
11805
11810
11818
11820
11831
11834
11835
11841
11843
11850
11854
11859
11866
11868
11877
11878
11879
11882
11886
11890
11891
11894
11895
11897
11898
11899
11914
11920
11921
11923
11925
11926
11927
11931
11939
11940
11945
11951
11952
11957
11974
11975
11977
11979
11980
11983
11986
11990
11992
11994
11996
12000
12001
12002
12007
12008
12015
12017
12020
12022
12027
12029
12032
12034
12039
12041
12044
12047
12050
12051
12052
12063
12071
12076
12077
12080
12081
12082
12093
12096
12097
12098
12099
12100
12104
12110
12111
12121
12130
12132
12159
12161
12164
12167
12170
12177
12180
12183
12185
12187
12188
12189
12191
12194
12197
12198
12201
12205
12209
12215
12222
12224
12234
12241
12242
12244
12245
12260
12264
12266
12276
12280
12283
12285
12286
12290
12300
12302
12304
12306
12308
12312
12313
12314
12318
12319
12320
12321
12322
12325
12328
12335
12343
12349
12354
12358
12363
12364
12366
12367
12369
12374
12376
12377
12378
12380
12412
12422
12424
12426
12427
12435
12439
12445
12450
12452
12454
12457
12458
12459
12460
12470
12471
12473
12474
12485
12489
12491
12495
12500
12508
12517
12518
12520
12521
12523
12542
12548
12549
12555
12556
12563
12569
12576
12580
12584
12591
12592
12593
12607
12608
12609
12611
12637
12638
12639
12640
12648
12652
12653
12654
12658
12659
12661
12664
12665
12667
12669
12675
12681
12689
12693
12695
12699
12701
12702
12704
12705
12706
12710
12713
12727
12735
12744
12750
12751
12752
12753
12754
12756
12757
12758
12759
12760
12763
12768
12772
12776
12778
12780
12786
12787
12789
12791
12792
12793
12803
12804
12812
12815
12826
12830
12832
12834
12835
12839
12840
12841
12848
12850
12853
12856
12857
12858
12863
12866
12868
12871
12874
12880
12886
12893
12901
12904
12906
12907
12909
12910
12914
12916
12919
12920
12922
12923
12928
12933
12934
12937
12938
12939
12940
12943
12955
12956
12957
12959
12960
12961
12962
12971
12974
12976
12977
12980
12981
12982
12986
12994
12995
12998
12999
13001
13003
13005
13006
13008
13011
13016
13019
13020
13023
13029
13036
13046
13048
13049
13055
13060
13064
13066
13070
13073
13075
13077
13079
13080
13084
13087
13089
13091
13093
13104
13106
13107
13112
13117
13119
13120
13130
13131
13135
13136
13141
13143
13150
13163
13164
13165
13168
13169
13178
13179
13181
13182
13203
13206
13207
13208
13209
13211
13212
13216
13219
13227
13239
13245
13248
13250
13254
13261
13262
13267
13270
13271
13282
13288
13289
13292
13297
13309
13318
13320
13324
13338
13342
13352
13356
13357
13358
13359
13360
13361
13368
13375
13376
13378
13385
13386
13388
13389
13390
13391
13392
13395
13396
13397
13400
13407
13410
13412
13413
13415
13417
13420
13421
13426
13428
13436
13437
13440
13444
13446
13447
13449
13451
13452
13454
13457
13461
13462
13465
13466
13467
13470
13471
13478
13481
13486
13489
13492
13499
13502
13503
13505
13506
13508
13510
13513
13517
13520
13524
13525
13526
13530
13539
13540
13542
13543
13554
13555
13557
13560
13564
13566
13569
13575
13579
13583
13586
13588
13589
13591
13599
13605
13610
13611
13615
13617
13619
13626
13627
13628
13630
13634
13635
13639
13640
13645
13646
13648
13650
13656
13658
13662
13663
13666
13667
13669
13670
13672
13680
13681
13682
13683
13686
13692
13694
13697
13701
13708
13713
13714
13718
13720
13722
13724
13726
13746
13755
13758
13763
13768
13773
13779
13780
13781
13787
13793
13794
13798
13799
13800
13802
13804
13808
13809
13813
13815
13821
13826
13827
13829
13830
13831
13832
13835
13837
13842
13845
13846
13847
13849
13853
13855
13858
13859
13860
13875
13878
13881
13882
13883
13888
13893
13901
13902
13907
13914
13915
13917
13920
13924
13925
13928
13939
13944
13952
13955
13957
13963
13972
13974
13979
13980
13982
13986
13989
13990
13991
13993
14002
14004
14006
14008
14010
14012
14015
14018
14020
14022
14025
14030
14037
14040
14044
14046
14047
14050
14051
14052
14053
14056
14058
14062
14063
14064
14065
14067
14069
14070
14085
14086
14087
14088
14089
14094
14096
14100
14106
14109
14110
14112
14113
14114
14115
14118
14121
14122
14125
14130
14131
14139
14148
14149
14157
14160
14161
14162
14163
14172
14176
14183
14190
14192
14196
14198
14199
14200
14202
14203
14204
14205
14206
14211
14213
14216
14219
14221
14223
14224
14228
14230
14236
14239
14240
14241
14245
14247
14250
14253
14254
14255
14256
14264
14268
14270
14276
14292
14293
14294
14295
14296
14297
14302
14304
14310
14311
14315
14317
14318
14319
14320
14329
14330
14334
14337
14340
14343
14345
14348
14351
14352
14353
14356
14360
14364
14365
14368
14369
14370
14372
14375
14376
14377
14379
14381
14382
14386
14390
14395
14396
14402
14404
14405
14406
14409
14410
14411
14413
14415
14417
14418
14419
14425
14428
14430
14431
14432
14433
14437
14438
14446
14449
14454
14455
14458
14464
14465
14466
14468
14470
14474
14476
14478
14479
14480
14481
14482
14483
14487
14489
14491
14495
14501
14502
14503
14505
14507
14508
14510
14515
14517
14518
14521
14525
14526
14529
14535
14544
14547
14552
14553
14554
14556
14559
14567
14571
14572
14573
14580
14584
14585
14588
14590
14591
14596
14597
14598
14600
14603
14607
14609
14610
14611
14616
14617
14619
14626
14627
14629
14630
14632
14639
14644
14645
14646
14647
14652
14653
14654
14655
14656
14657
14660
14662
14663
14664
14666
14667
14668
14669
14671
14677
14678
14680
14682
14684
14690
14691
14692
14694
14695
14699
14701
14702
14704
14706
14711
14712
14715
14716
14719
14723
14730
14732
14734
14737
14739
14742
14743
14744
14746
14749
14753
14755
14757
14758
14764
14767
14769
14771
14775
14779
14781
14783
14787
14789
14790
14792
14793
14794
14795
14800
14801
14803
14807
14810
14811
14812
14814
14817
14820
14823
14824
14825
14838
14845
14846
14860
14868
14870
14873
14879
14880
14883
14884
14889
14890
14893
14895
14896
14904
14905
14908
14910
14915
14918
14919
14920
14924
14929
14935
14937
14943
14944
14945
14946
14947
14961
14966
14978
14984
14997
15000
15005
15006
15010
15013
15014
15016
15021
15027
15031
15035
15036
15037
15040
15041
15042
15043
15047
15049
15050
15054
15076
15079
15084
15085
15086
15093
15094
15098
15100
15105
15109
15111
15113
15115
15118
15121
15123
15124
15130
15132
15134
15136
15137
15140
15145
15146
15150
15151
15153
15160
15163
15168
15172
15175
15177
15181
15183
15186
15190
15193
15194
15195
15196
15200
15204
15208
15212
15214
15216
15218
15220
15221
15228
15237
15238
15245
15249
15255
15259
15262
15267
15268
15270
15271
15277
15281
15283
15291
15294
15295
15296
15297
15299
15301
15302
15304
15308
15312
15313
15314
15318
15319
15328
15329
15332
15335
15340
15341
15342
15345
15352
15363
15364
15368
15369
15375
15381
15385
15386
15389
15392
15393
15394
15396
15398
15400
15401
15403
15404
15405
15407
15409
15410
15411
15413
15414
15416
15417
15421
15424
15427
15428
15429
15431
15432
15435
15438
15441
15444
15448
15449
15450
15454
15456
15457
15460
15461
15463
15464
15466
15476
15477
15480
15483
15485
15486
15488
15490
15491
15497
15498
15503
15507
15508
15509
15510
15518
15520
15524
15534
15535
15537
15538
15541
15542
15543
15547
15548
15549
15552
15556
15557
15559
15560
15561
15562
15564
15565
15566
15569
15571
15576
15577
15582
15584
15585
15590
15591
15593
15596
15597
15598
15599
15600
15607
15610
15611
15612
15618
15623
15624
15626
15627
15628
15632
15633
15635
15638
15642
15644
15645
15650
15653
15658
15659
15660
15661
15664
15665
15667
15670
15674
15675
15677
15679
15681
15685
15687
15689
15698
15702
15707
15708
15713
15723
15724
15730
15732
15733
15737
15744
15748
15749
15751
15752
15755
15757
15760
15763
15765
15772
15776
15779
15781
15784
15786
15789
15793
15795
15799
15803
15810
15812
15817
15822
15823
15828
15830
15831
15838
15844
15847
15849
15850
15851
15855
15856
15861
15863
15870
15872
15874
15875
15881
15883
15885
15886
15887
15888
15889
15892
15894
15899
15900
15904
15906
15909
15912
15913
15916
15919
15920
15925
15940
15942
15943
15949
15950
15951
15952
15957
15963
15967
15969
15970
15971
15972
15973
15974
15975
15983
15988
15990
15991
15992
15993
15994
15997
15998
16000
16001
16002
16003
16006
16009
16011
16012
16018
16019
16025
16028
16030
16031
16036
16040
16045
16046
16047
16048
16052
16059
16060
16061
16062
16063
16065
16069
16071
16072
16073
16075
16077
16080
16082
16084
16086
16088
16089
16090
16092
16094
16097
16099
16105
16108
16109
16113
16118
16121
16124
16126
16128
16129
16130
16138
16142
16143
16147
16149
16154
16158
16162
16166
16169
16172
16175
16176
16178
16180
16184
16187
16189
16194
16195
16196
16197
16200
16205
16209
16217
16218
16220
16221
16224
16231
16232
16233
16236
16238
16240
16241
16244
16251
16252
16253
16254
16255
16259
16261
16262
16267
16270
16272
16273
16276
16277
16279
16281
16282
16286
16291
16297
16300
16301
16302
16308
16310
16311
16314
16315
16316
16319
16320
16321
16323
16324
16332
16340
16348
16350
16356
16360
16363
16365
16366
16367
16368
16374
16377
16378
16380
16382
16385
16386
16387
16390
16393
16397
16400
16401
16402
16403
16408
16411
16414
16416
16419
16420
16423
16425
16432
16436
16444
16445
16448
16449
16450
16453
16459
16463
16467
16469
16472
16474
16475
16476
16477
16479
16480
16481
16483
16484
16491
16497
16500
16505
16506
16508
16513
16514
16516
16517
16521
16524
16527
16530
16532
16537
16541
16544
16545
16550
16553
16556
16557
16558
16559
16561
16565
16567
16570
16571
16573
16577
16579
16580
16582
16583
16584
16588
16591
16596
16605
16611
16613
16615
16618
16619
16620
16624
16625
16629
16634
16639
16641
16646
16647
16652
16654
16656
16657
16658
16659
16662
16663
16664
16665
16666
16670
16673
16676
16678
16681
16690
16699
16700
16710
16717
16720
16730
16733
16734
16737
16738
16743
16745
16751
16757
16759
16761
16763
16765
16767
16779
16783
16784
16787
16795
16808
16809
16814
16830
16833
16839
16840
16841
16844
16849
16853
16871
16874
16877
16883
16890
16894
16895
16897
16902
16903
16912
16915
16916
16917
16918
16921
16922
16927
16934
16935
16936
16943
16945
16946
16948
16951
16952
16953
16955
16957
16960
16965
16967
16977
16979
16982
16985
16986
16987
16991
16995
17017
17018
17021
17023
17024
17026
17028
17031
17032
17034
17038
17041
17042
17049
17053
17062
17065
17067
17068
17069
17074
17076
17077
17080
17081
17082
17085
17089
17090
17094
17096
17099
17101
17109
17110
17111
17113
17114
17118
17133
17136
17137
17138
17144
17158
17160
17168
17169
17170
17171
17176
17178
17180
17183
17185
17186
17188
17193
17197
17198
17200
17201
17205
17209
17214
17216
17217
17218
17221
17224
17225
17238
17239
17243
17248
17249
17261
17262
17263
17266
17268
17278
17281
17287
17288
17290
17291
17293
17300
17303
17314
17315
17317
17318
17320
17328
17329
17339
17342
17343
17345
17348
17351
17354
17355
17359
17364
17368
17373
17375
17377
17382
17384
17387
17388
17389
17397
17398
17407
17408
17411
17414
17419
17420
17421
17425
17426
17428
17429
17433
17435
17436
17442
17444
17450
17452
17456
17457
17460
17463
17477
17478
17479
17482
17483
17484
17485
17488
17491
17495
17502
17505
17506
17510
17515
17518
17519
17521
17534
17538
17547
17549
17550
17553
17555
17557
17558
17561
17564
17567
17585
17586
17588
17592
17595
17596
17598
17600
17604
17616
17630
17638
17642
17647
17649
17652
17657
17658
17660
17663
17667
17670
17672
17674
17676
17678
17682
17683
17684
17685
17699
17703
17706
17708
17717
17720
17725
17727
17734
17752
17755
17758
17771
17773
17788
17793
17795
17801
17805
17808
17809
17810
17813
17823
17838
17841
17842
17843
17857
17858
17866
17871
17879
17887
17889
17890
17892
17894
17895
17897
17901
17904
17905
17907
17908
17909
17914
17915
17918
17920
17921
17922
17923
17925
17929
17935
17937
17939
17940
17942
17945
17948
17952
17954
17955
17960
17962
17967
17968
17978
17980
17987
17998
18002
18005
18009
18021
18023
18024
18027
18028
18029
18031
18037
18038
18039
18043
18045
18047
18048
18051
18053
18055
18060
18061
18062
18063
18064
18065
18066
18068
18069
18071
18072
18074
18076
18077
18079
18082
18084
18092
18100
18101
18103
18104
18106
18107
18108
18113
18114
18115
18117
18118
18123
18128
18129
18133
18145
18146
18152
18153
18156
18160
18161
18162
18164
18167
18168
18169
18170
18173
18180
18183
18187
18191
18193
18209
18214
18215
18223
18226
18241
18242
18245
18248
18255
18262
18263
18264
18265
18266
18267
18274
18275
18278
18279
18284
18286
18287
18288
18289
18290
18295
18301
18309
18314
18318
18320
18321
18327
18328
18334
18339
18343
18346
18357
18360
18372
18378
18383
18386
18389
18393
18396
18398
18412
18413
18414
18417
18421
18423
18424
18427
18428
18429
18430
18433
18436
18441
18448
18449
18461
18465
18470
18475
18481
18485
18488
18498
18503
18508
18509
18510
18515
18519
18520
18525
18527
18533
18534
18539
18543
18547
18548
18555
18557
18569
18570
18579
18582
18585
18586
18587
18588
18590
18591
18593
18595
18599
18606
18610
18618
18621
18626
18629
18636
18639
18647
18654
18661
18664
18670
18673
18675
18679
18680
18685
18688
18689
18690
18691
18693
18696
18698
18702
18706
18715
18717
18721
18724
18726
18731
18736
18743
18746
18752
18754
18757
18758
18759
18766
18767
18768
18775
18776
18777
18778
18791
18808
18809
18811
18816
18817
18827
18829
18837
18838
18839
18840
18841
18846
18847
18859
18873
18874
18879
18885
18886
18889
18893
18896
18897
18902
18906
18910
18920
18938
18940
18943
18946
18948
18952
18955
18959
18961
18963
18965
18968
18973
18974
18976
18980
18983
18986
18987
18988
18989
18990
18992
18994
18998
19003
19004
19020
19025
19030
19033
19035
19036
19038
19039
19041
19042
19054
19055
19057
19059
19063
19064
19067
19069
19074
19084
19086
19087
19095
19099
19101
19104
19106
19107
19111
19112
19114
19115
19116
19117
19119
19121
19122
19123
19124
19125
19132
19134
19135
19144
19145
19146
19147
19148
19150
19156
19163
19166
19169
19170
19174
19176
19183
19189
19194
19215
19224
19227
19228
19234
19239
19240
19243
19246
19250
19253
19257
19273
19274
19275
19279
19285
19293
19300
19309
19310
19313
19325
19330
19331
19333
19338
19342
19347
19351
19356
19357
19358
19359
19362
19363
19366
19368
19372
19373
19375
19376
19377
19380
19383
19397
19398
19399
19400
19407
19410
19412
19413
19415
19416
19420
19424
19428
19429
19432
19436
19439
19440
19444
19445
19455
19466
19467
19468
19470
19473
19475
19476
19479
19482
19487
19488
19491
19496
19497
19501
19506
19513
19515
19517
19521
19524
19530
19534
19535
19544
19548
19549
19556
19558
19563
19575
19584
19585
19586
19589
19591
19593
19594
19595
19599
19603
19608
19609
19610
19611
19621
19632
19639
19640
19647
19648
19651
19653
19654
19658
19667
19672
19677
19678
19679
19686
19687
19693
19697
19699
19703
19708
19709
19720
19723
19726
19727
19729
19732
19734
19737
19741
19743
19744
19746
19747
19749
19753
19756
19762
19763
19764
19770
19773
19774
19776
19781
19784
19790
19791
19794
19796
19798
19801
19812
19813
19815
19819
19822
19823
19827
19828
19831
19832
19833
19836
19837
19842
19850
19851
19852
19860
19871
19873
19874
19876
19877
19878
19879
19880
19883
19884
19889
19891
19893
19899
19901
19902
19905
19906
19916
19918
19919
19922
19923
19924
19928
19930
19937
19944
19945
19946
19948
19949
19954
19955
19960
19961
19965
19967
19968
19969
19970
19974
19979
19982
19984
19988
19991
19992
19993
19998
19999
20001
20004
20042
20043
20050
20057
20058
20063
20071
20073
20074
20078
20079
20080
20089
20094
20096
20098
20099
20105
20107
20112
20117
20122
20125
20136
20141
20155
20161
20171
20175
20177
20180
20184
20188
20191
20192
20195
20197
20201
20202
20207
20208
20211
20217
20221
20223
20225
20226
20233
20234
20237
20240
20243
20249
20259
20262
20264
20267
20270
20271
20272
20274
20278
20279
20280
20283
20290
20293
20296
20297
20300
20307
20311
20313
20314
20315
20329
20331
20334
20338
20344
20345
20349
20352
20353
20357
20358
20361
20362
20364
20365
20366
20373
20375
20376
20381
20382
20385
20387
20389
20390
20391
20393
20394
20396
20397
20402
20403
20404
20405
20406
20410
20416
20417
20419
20420
20421
20424
20425
20427
20434
20437
20438
20443
20447
20449
20450
20456
20459
20467
20470
20474
20475
20476
20478
20479
20483
20484
20485
20487
20488
20489
20506
20508
20515
20517
20518
20520
20521
20522
20524
20527
20533
20540
20545
20548
20554
20556
20557
20559
20560
20563
20565
20572
20573
20574
20575
20579
20582
20587
20588
20592
20593
20598
20600
20605
20609
20612
20614
20615
20618
20620
20622
20625
20627
20628
20632
20643
20647
20657
20660
20662
20668
20669
20671
20673
20675
20679
20681
20685
20688
20693
20694
20699
20708
20710
20711
20712
20717
20719
20725
20733
20741
20742
20743
20745
20746
20749
20751
20752
20753
20758
20762
20764
20766
20772
20777
20778
20779
20780
20785
20786
20790
20791
20792
20793
20799
20802
20809
20813
20816
20825
20827
20830
20834
20835
20836
20837
20839
20844
20848
20849
20850
20854
20859
20860
20862
20873
20874
20875
20876
20880
20884
20886
20889
20890
20892
20898
20902
20909
20912
20913
20915
20920
20921
20925
20926
20928
20933
20935
20943
20947
20953
20954
20955
20958
20960
20965
20967
20968
20970
20978
20983
20986
20991
20993
20994
20995
21000
21002
21007
21011
21015
21020
21024
21025
21026
21028
21029
21032
21033
21042
21043
21044
21045
21046
21047
21049
21050
21051
21052
21053
21054
21057
21058
21067
21069
21070
21076
21077
21078
21082
21083
21084
21086
21087
21088
21096
21104
21109
21110
21114
21115
21117
21121
21122
21127
21136
21138
21141
21143
21148
21149
21156
21157
21158
21161
21162
21163
21165
21166
21171
21172
21173
21174
21175
21178
21180
21181
21182
21183
21185
21186
21187
21188
21189
21190
21192
21197
21201
21202
21203
21207
21208
21211
21212
21213
21214
21216
21223
21224
21227
21235
21238
21248
21249
21251
21264
21266
21270
21271
21273
21274
21275
21276
21281
21282
21290
21298
21303
21306
21307
21308
21310
21311
21312
21313
21314
21316
21317
21319
21320
21321
21323
21325
21326
21329
21330
21331
21332
21335
21336
21338
21341
21351
21362
21363
21364
21366
21367
21369
21371
21377
21378
21379
21381
21394
21399
21405
21407
21409
21410
21411
21415
21420
21422
21423
21425
21428
21433
21435
21436
21437
21438
21442
21444
21445
21449
21451
21455
21456
21460
21465
21466
21472
21478
21482
21486
21488
21489
21490
21492
21493
21494
21495
21496
21500
21507
21508
21512
21514
21517
21518
21519
21520
21522
21526
21528
21530
21532
21533
21534
21536
21538
21541
21546
21550
21555
21558
21563
21565
21570
21572
21574
21576
21578
21582
21583
21584
21587
21591
21593
21594
21597
21603
21607
21609
21610
21613
21614
21622
21623
21624
21625
21629
21630
21631
21634
21641
21642
21644
21645
21648
21655
21656
21657
21664
21666
21667
21670
21671
21675
21678
21688
21689
21694
21698
21701
21704
21711
21719
21727
21729
21730
21731
21732
21744
21746
21747
21748
21751
21754
21762
21763
21767
21774
21778
21783
21785
21798
21799
21800
21802
21803
21804
21806
21807
21808
21809
21811
21812
21815
21816
21818
21819
21820
21821
21822
21826
21828
21836
21842
21851
21864
21865
21866
21870
21871
21872
21873
21874
21875
21876
21879
21882
21885
21892
21893
21894
21895
21906
21911
21912
21914
21916
21918
21921
21923
21927
21928
21930
21931
21932
21933
21936
21937
21944
21946
21947
21951
21952
21953
21955
21957
21963
21966
21969
21970
21971
21972
21973
21976
21978
21987
21988
21994
21999
22002
22004
22005
22007
22009
22012
22014
22015
22018
22019
22024
22028
22034
22038
22043
22045
22046
22051
22055
22062
22063
22066
22069
22070
22071
22073
22078
22080
22081
22082
22085
22086
22096
22104
22105
22107
22109
22110
22112
22114